Charlie 1 1951 2005 229 54
Adelaide 1 1948 2005 316 57
Mina 1 1944 2002 687 58
Clementine 1 1953 2014 943 61
Aurelia 1 1950 2012 832 62
Cordelia 1 1950 2014 993 64
Adelina 1 1945 2010 531 65
Annabel 1 1932 2000 448 68
Evie 1 1941 2014 501 73
Magnolia 1 1940 2013 831 73
Nova 1 1938 2011 287 73
Lilian 1 1922 1997 506 75
Amalia 1 1934 2011 884 77
Luna 1 1921 2003 143 82
Emelia 1 1921 2008 625 87
America 1 1909 1998 846 89
Emmaline 1 1915 2012 880 97
Lawson 2 1950 2000 485 50
Lucian 2 1952 2005 608 53
Josiah 2 1919 1975 64 56
Theo 2 1945 2010 509 65
Miller 2 1943 2014 876 71
Malachi 2 1910 1987 179 77
Hayes 2 1931 2009 545 78
Hezekiah 2 1923 2004 774 81
Mathias 2 1918 2003 582 85
Finley 2 1917 2006 374 89
Oakley 2 1920 2011 657 91
Ephraim 2 1914 2013 962 99
Harper 2 1906 2006 728 100